AL=0.00616845
All-In-One=0.00616845
Amazon MP3=7.90826e-05
Amazon Tech Deals=7.90826e-05
Amazon.com=0.00608936
AmazonMP3 USA=0.00316331
Apple=0.0018189
B2G50UNI=0.00474496
BACK2SCHOOL=0.00347964
BTS=0.00608936
BeetleJuice=0.00347964
Best Buy Deals=7.90826e-05
Blu-Ray=0.00498221
BluRay=0.00126532
Buy.com=7.90826e-05
CDT=0.0018189
CT=0.00316331
CVS=0.00608936
Casio EX-ZS10 14.1MP=0.00561487
CouponMom=7.90826e-05
DC=0.00616845
DEAL=0.00608936
DOL=0.00450771
DataTraveler=0.00608936
Dual-Core=0.00514037
E-Readers=0.00300514
EOS=0.00608936
EXTRA=0.00616845
Event-Sunday=0.00482404
FAMILY=0.00300514
FAMILY 8pm 8/13=0.00173982
FREE=0.00427046
FS=0.00608936
Factory-Refurbished=0.00616845
Fiona Apple=0.0018189
Free=0.00608936
GA=0.000237248
GB=0.0110716
GB USB=0.00608936
GPS=0.00735469
HCD TV=0.000948992
HD=0.00608936
HDTV=0.00498221
HOMESALE=0.00355872
HP=0.00537762
HTC=0.0054567
In-Store=0.0054567
Internet TVs=0.00300514
Kmart=7.90826e-05
Kmart.com=0.00450771
Kroger GA=0.00379597
LCD=0.00498221
LED=0.00537762
LED 3D HDTV=0.00150257
LED HDTV=0.00616845
LG 47=0.00150257
LG 55=0.00616845
LT2804U Netbook PC=0.00514037
Livescribe=0.00142349
Livescribe A5=0.00142349
Logitech MK520=0.00616845
MG5220=0.00616845
MP3=0.00735469
MP3-only=0.00608936
MP3s=0.000632661
MegaStarter=0.00498221
Microsoft=0.00608936
NE=0.00616845
NECESSARY=0.00616845
Nikka Costa=0.00498221
Nikon D3000 10.2MP DSLR=0.00466588
PC=0.00616845
PDT=0.00553578
PIXMA=0.00616845
PLUS=0.00608936
PS3=0.00608936
PURCHASE=0.00616845
Philips Factory-Refurbished 1000W 5.1-Channel Blu-ray=0.000790826
Playdate=0.00608936
PlaydatePlace=0.00221431
SD=0.0018189
SDHC=0.00624753
SEARSAUGUST15=0.00395413
SLR=0.00608936
SYWR=0.00608936
Samsung=0.000948992
Sears Deals=7.90826e-05
Short-Sleeve=0.00616845
Stainless-Steel=0.00221431
SummerGuard=0.00427046
SummerSale=0.00379597
SurroundBar=0.00616845
T-Shirt=0.00608936
TV#Deal=0.000948992
TV#deal=0.00347964
TVs=0.00300514
TomTom=0.00608936
Toshiba 32=0.000711744
UNIVISION=0.00608936
US=0.00616845
USA=0.00371688
VAIO=0.00608936
VAIO PC=0.00608936
VUDU=0.00616845
Walmart=0.00703836
Walmart Specials=7.90826e-05
XL=0.000553578
XPS=0.00616845
Xbox 360 4GB=0.00419138
YRM=0.00237248
a5=0.00142349
acer=0.00197707
amazon.com=0.000632661
america’=0.00798735
apple=0.0018189
arrasa=0.00608936
ashford=0.0022934
asus=0.00616845
atkins=0.00616845
bakeware=0.00355872
banbury=0.000158165
bayer=0.00608936
bbytweets=0.00616845
blog=0.00608936
blu=0.00608936
blu-ray=0.0022934
bluelight=0.00387505
brand-new=0.00237248
buy.com=0.00553578
casio=0.00561487
clip-on=0.00616845
cloudplayer=0.0054567
costa=0.00498221
cu=0.00672202
cuisinart=0.00608936
d3000=0.00466588
dealoftheday=0.00498221
deals=0.00616845
dr=0.0054567
dre=0.0054567
eee=0.00616845
elmers=0.00608936
engagement=0.00173982
eyewear=0.00616845
facebook=0.00767102
fantastik=0.00189798
fiona=0.0018189
ft=0.00672202
giveaways=0.00608936
gt=0.00608936
hotpoint=0.00616845
iconia=0.00197707
in-store=0.00616845
inkjet=0.00537762
internet=0.00300514
keurig=0.000711744
kinect=0.00419138
kingston=0.00608936
kmart=0.0119415
kmart.com=0.00608936
kroger=0.00608936
livescribe=0.00142349
logitech=0.00616845
makin=0.00316331
mamet’=0.00616845
mousepad=0.00221431
netbook=0.00514037
nikka=0.00498221
nikon=0.00466588
northwood=0.000632661
offermatic=0.00529854
online=0.0196125
p6804=0.00537762
patiooooohhhhhhh=0.00324239
philips=0.000790826
playdate=0.00253064
playlist=0.00608936
pr=0.00166074
promo=0.00379597
publix=0.00608936
quot=0.0246738
rakuten=0.00608936
rhonda=0.00656386
rise…=0.00419138
samsung=0.00498221
sears=0.00340055
self-titled=0.00514037
sixx=0.00521945
skype=0.00498221
sm=0.00355872
smartpen=0.00142349
smartphone=0.0054567
sony=0.00608936
stainless-steel=0.00506129
staycation=0.00498221
subwoofer=0.00616845
summer=0.00221431
t2i=0.00608936
thorogood=0.00529854
todo=0.00608936
toshiba=0.000711744
unltd=0.00608936
vry=0.00561487
walmart=0.00703836
walmarts=0.00403321
win=0.0111507
wr=0.00561487
xbox=0.00419138
