de=-5.02388
dk=-4.5684
en=-0.790332
es=-2.28304
fi=-5.23745
fr=-4.81624
hu=-6.67254
id=-4.69846
it=-6.20254
ms=-1.99226
nl=-2.30309
nn=-3.89995
pl=-5.33754
pt=-2.31583
sv=-6.33607
tr=-5.71703
